subject, practice/real, trial#, target/nontarget, target type, setsize, error, responsetime 
1250372, 1, 1, 1, 2, 8, 0, 852 
1250372, 1, 2, 1, 2, 4, 0, 612 
1250372, 1, 3, 1, 2, 4, 0, 727 
1250372, 1, 4, 1, 1, 8, 0, 1027 
1250372, 1, 5, 1, 1, 4, 0, 684 
1250372, 1, 6, 1, 1, 4, 0, 681 
1250372, 1, 7, 2, 2, 8, 0, 883 
1250372, 1, 8, 1, 2, 16, 0, 767 
1250372, 1, 9, 1, 1, 4, 0, 684 
1250372, 1, 10, 1, 1, 4, 0, 1038 
1250372, 1, 11, 2, 2, 4, 0, 798 
1250372, 1, 12, 2, 2, 16, 0, 790 
1250372, 2, 1, 2, 1, 16, 0, 1135 
1250372, 2, 2, 1, 1, 8, 0, 915 
1250372, 2, 3, 1, 2, 8, 1, 747 
1250372, 2, 4, 1, 2, 8, 0, 742 
1250372, 2, 5, 1, 1, 4, 0, 846 
1250372, 2, 6, 1, 1, 4, 0, 666 
1250372, 2, 7, 2, 2, 8, 0, 810 
1250372, 2, 8, 2, 1, 4, 0, 977 
1250372, 2, 9, 2, 1, 8, 0, 896 
1250372, 2, 10, 1, 1, 16, 1, 811 
1250372, 2, 11, 1, 2, 16, 1, 827 
1250372, 2, 12, 2, 2, 8, 0, 1358 
1250372, 2, 13, 2, 1, 4, 0, 900 
1250372, 2, 14, 1, 2, 8, 0, 805 
1250372, 2, 15, 2, 2, 16, 0, 1481 
1250372, 2, 16, 2, 2, 8, 0, 655 
1250372, 2, 17, 1, 1, 4, 0, 842 
1250372, 2, 18, 2, 1, 16, 0, 1301 
1250372, 2, 19, 1, 1, 8, 0, 939 
1250372, 2, 20, 1, 1, 4, 0, 785 
1250372, 2, 21, 2, 2, 8, 0, 814 
1250372, 2, 22, 2, 1, 16, 0, 1241 
1250372, 2, 23, 2, 1, 16, 0, 1119 
1250372, 2, 24, 1, 2, 8, 0, 974 
1250372, 2, 25, 1, 2, 16, 0, 744 
1250372, 2, 26, 2, 2, 8, 0, 683 
1250372, 2, 27, 1, 1, 8, 1, 936 
1250372, 2, 28, 2, 2, 4, 0, 812 
1250372, 2, 29, 2, 2, 4, 0, 631 
1250372, 2, 30, 1, 2, 4, 0, 699 
1250372, 2, 31, 1, 2, 16, 0, 761 
1250372, 2, 32, 1, 2, 4, 0, 681 
1250372, 2, 33, 1, 1, 4, 1, 882 
1250372, 2, 34, 2, 2, 4, 0, 725 
1250372, 2, 35, 1, 2, 16, 0, 750 
1250372, 2, 36, 1, 2, 16, 0, 681 
1250372, 2, 37, 1, 2, 16, 0, 747 
1250372, 2, 38, 2, 2, 8, 0, 780 
1250372, 2, 39, 2, 1, 16, 0, 1096 
1250372, 2, 40, 2, 1, 8, 0, 1278 
1250372, 2, 41, 1, 1, 8, 0, 1015 
1250372, 2, 42, 1, 2, 4, 0, 844 
1250372, 2, 43, 1, 2, 8, 0, 600 
1250372, 2, 44, 1, 2, 8, 0, 571 
1250372, 2, 45, 1, 1, 16, 0, 1103 
1250372, 2, 46, 1, 1, 4, 0, 925 
1250372, 2, 47, 2, 1, 8, 0, 1210 
1250372, 2, 48, 2, 1, 4, 0, 743 
1250372, 2, 49, 2, 1, 16, 0, 1322 
1250372, 2, 50, 1, 1, 8, 0, 808 
1250372, 2, 51, 2, 1, 16, 0, 1436 
1250372, 2, 52, 2, 2, 4, 0, 866 
1250372, 2, 53, 1, 2, 4, 0, 840 
1250372, 2, 54, 2, 1, 4, 0, 859 
1250372, 2, 55, 2, 2, 16, 0, 1101 
1250372, 2, 56, 2, 1, 8, 0, 1183 
1250372, 2, 57, 1, 2, 8, 0, 822 
1250372, 2, 58, 2, 1, 8, 0, 1294 
1250372, 2, 59, 1, 1, 8, 0, 878 
1250372, 2, 60, 1, 1, 8, 0, 748 
1250372, 2, 61, 1, 1, 8, 1, 897 
1250372, 2, 62, 1, 1, 8, 0, 752 
1250372, 2, 63, 2, 2, 16, 0, 892 
1250372, 2, 64, 1, 2, 16, 0, 769 
1250372, 2, 65, 1, 2, 4, 0, 669 
1250372, 2, 66, 1, 1, 16, 1, 1375 
1250372, 2, 67, 1, 2, 16, 0, 892 
1250372, 2, 68, 1, 1, 4, 0, 800 
1250372, 2, 69, 2, 2, 8, 0, 955 
1250372, 2, 70, 2, 1, 16, 0, 1657 
1250372, 2, 71, 1, 2, 16, 0, 809 
1250372, 2, 72, 1, 2, 8, 0, 753 
1250372, 2, 73, 2, 2, 4, 0, 773 
1250372, 2, 74, 1, 1, 4, 0, 848 
1250372, 2, 75, 2, 1, 16, 0, 1485 
1250372, 2, 76, 2, 2, 16, 0, 820 
1250372, 2, 77, 2, 2, 16, 0, 767 
1250372, 2, 78, 1, 1, 4, 0, 809 
1250372, 2, 79, 2, 2, 4, 0, 883 
1250372, 2, 80, 1, 2, 16, 0, 721 
1250372, 2, 81, 1, 1, 16, 0, 855 
1250372, 2, 82, 1, 1, 8, 0, 606 
1250372, 2, 83, 1, 2, 16, 0, 739 
1250372, 2, 84, 2, 2, 4, 0, 620 
1250372, 2, 85, 1, 2, 8, 0, 659 
1250372, 2, 86, 1, 1, 8, 0, 1180 
1250372, 2, 87, 1, 2, 16, 0, 734 
1250372, 2, 88, 1, 1, 4, 0, 769 
1250372, 2, 89, 2, 1, 4, 0, 950 
1250372, 2, 90, 2, 1, 4, 0, 1042 
1250372, 2, 91, 1, 2, 4, 0, 1066 
1250372, 2, 92, 2, 1, 16, 0, 1908 
1250372, 2, 93, 1, 1, 4, 0, 894 
1250372, 2, 94, 2, 1, 16, 0, 1274 
1250372, 2, 95, 1, 2, 8, 0, 1199 
1250372, 2, 96, 2, 2, 8, 0, 857 
1250372, 2, 97, 1, 1, 8, 0, 906 
1250372, 2, 98, 1, 1, 16, 0, 844 
1250372, 2, 99, 2, 2, 4, 0, 672 
1250372, 2, 100, 2, 1, 4, 0, 1086 
1250372, 2, 101, 1, 2, 4, 0, 648 
1250372, 2, 102, 1, 1, 16, 0, 638 
1250372, 2, 103, 2, 2, 16, 0, 736 
1250372, 2, 104, 1, 1, 8, 0, 889 
1250372, 2, 105, 1, 2, 8, 0, 666 
1250372, 2, 106, 2, 2, 16, 1, 637 
1250372, 2, 107, 2, 2, 8, 1, 523 
1250372, 2, 108, 1, 2, 8, 0, 631 
1250372, 2, 109, 1, 2, 8, 0, 655 
1250372, 2, 110, 1, 1, 16, 0, 1773 
1250372, 2, 111, 2, 1, 8, 0, 1164 
1250372, 2, 112, 1, 2, 16, 1, 748 
1250372, 2, 113, 2, 2, 4, 0, 1270 
1250372, 2, 114, 1, 2, 4, 0, 702 
1250372, 2, 115, 2, 1, 8, 0, 1072 
1250372, 2, 116, 2, 1, 4, 0, 701 
1250372, 2, 117, 1, 1, 16, 1, 1289 
1250372, 2, 118, 2, 1, 8, 0, 860 
1250372, 2, 119, 1, 2, 4, 1, 823 
1250372, 2, 120, 2, 2, 16, 0, 886 
1250372, 2, 121, 2, 2, 4, 0, 625 
1250372, 2, 122, 2, 1, 16, 0, 1245 
1250372, 2, 123, 1, 2, 8, 0, 883 
1250372, 2, 124, 2, 1, 8, 0, 1113 
1250372, 2, 125, 1, 2, 16, 0, 847 
1250372, 2, 126, 2, 1, 4, 0, 857 
1250372, 2, 127, 2, 2, 4, 0, 543 
1250372, 2, 128, 2, 1, 8, 0, 813 
1250372, 2, 129, 1, 1, 8, 0, 769 
1250372, 2, 130, 1, 1, 4, 0, 695 
1250372, 2, 131, 1, 2, 16, 0, 727 
1250372, 2, 132, 2, 1, 8, 0, 828 
1250372, 2, 133, 2, 1, 16, 0, 1155 
1250372, 2, 134, 2, 1, 8, 0, 868 
1250372, 2, 135, 1, 2, 16, 0, 808 
1250372, 2, 136, 1, 1, 8, 0, 875 
1250372, 2, 137, 2, 2, 8, 0, 698 
1250372, 2, 138, 2, 2, 8, 0, 524 
1250372, 2, 139, 1, 2, 4, 0, 667 
1250372, 2, 140, 1, 1, 16, 0, 1083 
1250372, 2, 141, 2, 1, 8, 0, 1270 
1250372, 2, 142, 2, 1, 16, 0, 1197 
1250372, 2, 143, 2, 1, 4, 0, 779 
1250372, 2, 144, 2, 1, 4, 0, 571 
1250372, 2, 145, 2, 2, 16, 0, 705 
1250372, 2, 146, 2, 1, 4, 0, 676 
1250372, 2, 147, 2, 2, 16, 1, 637 
1250372, 2, 148, 2, 2, 4, 0, 900 
1250372, 2, 149, 2, 2, 4, 0, 522 
1250372, 2, 150, 2, 2, 4, 0, 444 
1250372, 2, 151, 1, 2, 8, 0, 908 
1250372, 2, 152, 1, 1, 4, 0, 892 
1250372, 2, 153, 1, 1, 4, 0, 631 
1250372, 2, 154, 1, 1, 16, 0, 649 
1250372, 2, 155, 1, 2, 4, 0, 713 
1250372, 2, 156, 1, 1, 4, 0, 714 
1250372, 2, 157, 2, 1, 4, 0, 667 
1250372, 2, 158, 1, 1, 4, 0, 797 
1250372, 2, 159, 2, 2, 16, 0, 757 
1250372, 2, 160, 2, 2, 16, 0, 824 
1250372, 2, 161, 2, 2, 4, 0, 569 
1250372, 2, 162, 1, 2, 16, 0, 666 
1250372, 2, 163, 1, 2, 16, 0, 791 
1250372, 2, 164, 2, 2, 16, 0, 716 
1250372, 2, 165, 2, 1, 16, 0, 1561 
1250372, 2, 166, 1, 1, 16, 1, 1000 
1250372, 2, 167, 2, 1, 16, 0, 1212 
1250372, 2, 168, 2, 1, 4, 0, 792 
1250372, 2, 169, 1, 2, 4, 0, 805 
1250372, 2, 170, 1, 2, 8, 0, 773 
1250372, 2, 171, 2, 1, 8, 1, 849 
1250372, 2, 172, 2, 2, 4, 0, 729 
1250372, 2, 173, 2, 2, 8, 0, 635 
1250372, 2, 174, 1, 2, 4, 0, 780 
1250372, 2, 175, 2, 1, 16, 0, 1277 
1250372, 2, 176, 1, 2, 4, 0, 1080 
1250372, 2, 177, 1, 2, 16, 0, 619 
1250372, 2, 178, 1, 2, 4, 0, 565 
1250372, 2, 179, 1, 2, 4, 0, 569 
1250372, 2, 180, 1, 2, 8, 0, 631 
1250372, 2, 181, 2, 2, 8, 0, 815 
1250372, 2, 182, 2, 2, 4, 0, 766 
1250372, 2, 183, 2, 2, 4, 0, 580 
1250372, 2, 184, 2, 2, 8, 0, 681 
1250372, 2, 185, 1, 1, 8, 0, 840 
1250372, 2, 186, 2, 1, 16, 0, 1232 
1250372, 2, 187, 2, 2, 8, 0, 749 
1250372, 2, 188, 2, 2, 16, 0, 703 
1250372, 2, 189, 1, 1, 16, 0, 1001 
1250372, 2, 190, 2, 2, 4, 0, 746 
1250372, 2, 191, 1, 1, 4, 0, 784 
1250372, 2, 192, 2, 1, 4, 0, 1334 
1250372, 2, 193, 2, 1, 8, 0, 840 
1250372, 2, 194, 1, 1, 16, 0, 806 
1250372, 2, 195, 1, 2, 8, 0, 842 
1250372, 2, 196, 1, 1, 4, 0, 758 
1250372, 2, 197, 2, 2, 8, 0, 920 
1250372, 2, 198, 2, 1, 8, 0, 966 
1250372, 2, 199, 1, 2, 4, 0, 930 
1250372, 2, 200, 1, 2, 8, 0, 591 
1250372, 2, 201, 1, 1, 8, 0, 1160 
1250372, 2, 202, 2, 2, 16, 0, 724 
1250372, 2, 203, 2, 1, 4, 0, 1157 
1250372, 2, 204, 2, 2, 16, 0, 692 
1250372, 2, 205, 1, 2, 4, 0, 663 
1250372, 2, 206, 2, 1, 8, 0, 901 
1250372, 2, 207, 1, 2, 16, 0, 709 
1250372, 2, 208, 2, 1, 8, 0, 984 
1250372, 2, 209, 1, 2, 4, 1, 933 
1250372, 2, 210, 2, 2, 4, 0, 537 
1250372, 2, 211, 2, 2, 8, 0, 539 
1250372, 2, 212, 2, 2, 8, 0, 546 
1250372, 2, 213, 2, 1, 4, 0, 923 
1250372, 2, 214, 1, 1, 4, 0, 745 
1250372, 2, 215, 1, 1, 16, 1, 1275 
1250372, 2, 216, 2, 2, 16, 0, 741 
1250372, 2, 217, 2, 2, 16, 0, 568 
1250372, 2, 218, 1, 1, 8, 0, 741 
1250372, 2, 219, 2, 1, 16, 0, 1423 
1250372, 2, 220, 2, 1, 4, 0, 708 
1250372, 2, 221, 2, 2, 16, 0, 726 
1250372, 2, 222, 1, 1, 16, 0, 1005 
1250372, 2, 223, 1, 1, 16, 0, 757 
1250372, 2, 224, 1, 1, 16, 0, 1298 
1250372, 2, 225, 2, 1, 8, 0, 874 
1250372, 2, 226, 2, 2, 8, 0, 706 
1250372, 2, 227, 2, 2, 8, 0, 612 
1250372, 2, 228, 2, 1, 4, 0, 746 
1250372, 2, 229, 1, 1, 8, 1, 733 
1250372, 2, 230, 1, 1, 4, 0, 679 
1250372, 2, 231, 1, 1, 16, 0, 695 
1250372, 2, 232, 2, 2, 16, 0, 768 
1250372, 2, 233, 1, 1, 16, 0, 1405 
1250372, 2, 234, 2, 1, 16, 0, 1497 
1250372, 2, 235, 2, 1, 4, 0, 676 
1250372, 2, 236, 1, 2, 8, 1, 753 
1250372, 2, 237, 1, 2, 4, 0, 907 
1250372, 2, 238, 1, 1, 8, 0, 803 
1250372, 2, 239, 1, 1, 16, 0, 801 
1250372, 2, 240, 2, 1, 8, 0, 1396 


